{
 "cells": [
  {
   "cell_type": "code",
   "execution_count": 9,
   "metadata": {},
   "outputs": [
    {
     "data": {
      "application/vnd.plotly.v1+json": {
       "config": {
        "plotlyServerURL": "https://plot.ly"
       },
       "data": [
        {
         "coloraxis": "coloraxis",
         "hovertemplate": "x: %{x}<br>y: %{y}<br>color: %{z}<extra></extra>",
         "name": "0",
         "type": "heatmap",
         "xaxis": "x",
         "yaxis": "y",
         "z": [
          [
           0,
           3.857386420881372,
           7.268243666801492,
           8.56041044576719,
           11.33156127812933,
           13.070793204698786,
           16.41221219092661,
           18.251323760209832,
           21.701924914624506,
           24.99931299056036,
           25.94237572004538,
           22.5149005327583,
           22.166493295061354,
           18.68429270804758,
           15.813101751395898,
           12.731752746578138,
           9.07775225482608,
           7.88480196327086,
           4.200801590173,
           6.3261572854300745,
           7.078828857939709,
           10.505236123000758,
           12.387794718996599,
           14.649012048599046,
           15.621324175626084,
           12.262383536653875,
           14.587036882108714,
           16.242195972220014,
           16.667747208306224,
           17.93895403862778,
           17.547152874469408,
           20.460915522038597,
           22.611315684851245,
           20.31837291714078,
           19.775226142828302,
           19.880938634782815,
           16.834156646532666,
           13.665698408789797,
           12.54110338048451,
           15.165780692071213,
           12.837670894675561,
           12.512105378392558,
           16.323316115299612,
           16.90306756183622,
           15.512941210486165,
           18.25109996685131,
           20.61885028317534,
           20.161345242815518,
           23.528793721735926,
           22.891715968882718,
           19.871861739655902,
           21.64489706605231,
           19.089226307003646,
           15.444041278111113,
           15.202413295263353,
           12.190391995337968,
           13.345163056328683,
           12.705100747337662,
           8.871666472540545,
           9.023652143118106,
           9.781856112211015,
           13.341382986782142,
           14.364267680602445,
           18.204374803876128,
           20.938698980595714,
           24.74239907527158,
           26.772697473358935,
           28.367059858222884,
           25.153926254165572,
           23.379430296737343,
           19.749401535236455,
           21.246501382580615,
           21.093738905182267,
           17.698384926314603,
           15.294580379990816,
           16.352377472404434,
           15.48942071221516,
           12.193907249114204,
           10.933083416859125,
           11.62984991304703,
           9.347453343023435,
           6.029388774992039,
           8.397586498512533,
           11.300309641775309,
           13.517754473284386,
           16.949906607412323,
           20.12148317097922,
           18.16134240633109,
           20.757104446429903,
           19.521732786819925,
           22.077276711587416
          ],
          [
           3.857386420881372,
           0,
           3.8616556034944396,
           5.945526805927293,
           8.891304122568298,
           10.579910254817854,
           14.256786208679712,
           16.091738656838796,
           19.758887038494855,
           22.713566034420925,
           23.84193440138614,
           20.312452387636508,
           20.51696125160839,
           17.262784190274754,
           14.042579143447973,
           11.469476971510078,
           7.60790312766928,
           7.115477355736578,
           4.929709322059467,
           7.301055129226186,
           9.652160483539424,
           12.495363220010853,
           15.111344414048672,
           16.910629438314825,
           18.334979765464702,
           15.182325711168232,
           17.26089803573383,
           18.250529252599772,
           18.537474828034156,
           19.18939358083001,
           18.565168353667037,
           20.977836161053407,
           23.384209052264307,
           21.272222121818867,
           21.34843921695448,
           21.96435241476516,
           19.292312199422856,
           15.777029536639652,
           14.502474202700725,
           16.43070546263915,
           13.391867457528095,
           13.135867348599406,
           16.968981967106927,
           16.808161440205172,
           14.934134156354697,
           18.04247061796139,
           20.224401820573085,
           19.053778575390236,
           22.29151385617406,
           21.449122266423863,
           18.829610325229783,
           21.069468075867505,
           18.97131901054853,
           15.644526231241393,
           15.921889021092943,
           13.541758563790747,
           14.885441377399596,
           14.460145400375474,
           10.734341060353914,
           9.583023218170768,
           10.053666147232065,
           12.952768893174927,
           13.518902544215635,
           17.242936698834107,
           19.663540500123574,
           23.352580456985905,
           24.98968707287068,
           26.379931861170533,
           23.099234143148557,
           20.878549398844736,
           17.10649943734837,
           18.274538653547452,
           18.579615415826023,
           15.466864226468143,
           12.517823333151815,
           13.494965690953054,
           13.402347555559064,
           10.294840940976213,
           8.18144162113255,
           9.689594263951406,
           8.536917827881442,
           4.819828731396999,
           6.988279115776645,
           10.571492988220728,
           12.086954206912509,
           15.751757870155316,
           18.753831848451664,
           16.646819095550956,
           19.0615608227658,
           17.78098346548919,
           19.874341070838046
          ],
          [
           7.268243666801492,
           3.8616556034944396,
           0,
           3.865392218132593,
           5.718436936786136,
           7.009755844535528,
           10.806047242169544,
           12.661315768908064,
           16.42562196691498,
           19.158959940456057,
           20.519611984635578,
           17.05620807799905,
           17.73388629150418,
           14.622832215408886,
           11.10536793627298,
           8.994089058931982,
           5.458411307331099,
           5.844087781681586,
           6.057534977199884,
           8.380664293479366,
           11.518484362102507,
           13.422253983590089,
           16.531711405659124,
           17.595231513111727,
           19.387349973629714,
           16.597867513629573,
           18.357230101515857,
           18.58718897520548,
           18.938666610931193,
           19.118158750256256,
           18.649689434411503,
           20.658738248015048,
           23.47002584148556,
           21.859923375894983,
           22.27168536505489,
           23.50299778751638,
           21.065876435600774,
           17.456034515318763,
           16.65453157552022,
           18.252000054788514,
           14.938588487537904,
           14.098848853718518,
           17.776145729600668,
           17.360249393369898,
           14.774529806393163,
           17.751256687908043,
           20.075514962261863,
           18.329238663948917,
           21.14670030997744,
           19.770423515949275,
           17.404224803190747,
           19.728207749311643,
           17.89492578917275,
           14.919054159027644,
           15.322168188608295,
           13.594257942234288,
           14.829911294407664,
           14.636437168928783,
           11.355105195461643,
           9.078102775360058,
           9.477103935274743,
           11.36599058595422,
           11.862075619384662,
           15.282775729559077,
           17.606197346389138,
           21.111037634375055,
           22.28846472954115,
           23.766165971818005,
           20.661337275210432,
           18.158428593906468,
           14.324963490354872,
           15.641991017770083,
           16.564736913093427,
           13.62545738681825,
           10.36998500481076,
           12.039058559538617,
           12.781067561045125,
           9.693061745392937,
           7.5402145194947865,
           10.398885949946754,
           9.984050781120857,
           7.063074472211092,
           9.3225376909938,
           12.861499135015327,
           13.974497271816258,
           17.556211550331696,
           20.432160947878224,
           18.39529314797674,
           20.60166083110777,
           19.30477363244646,
           20.78248245518326
          ],
          [
           8.56041044576719,
           5.945526805927293,
           3.865392218132593,
           0,
           3.8511585269889896,
           7.105297741826165,
           10.26742314312603,
           13.117420173189545,
           16.843825396862794,
           19.52529203366751,
           21.50626887677172,
           18.42602065015667,
           19.434995394905553,
           16.17548864795126,
           12.422242148662214,
           9.914799997982813,
           6.94158288865011,
           5.270716934156112,
           6.356690097841801,
           6.756554225342974,
           10.538501269155875,
           11.823043474503509,
           15.3808910340071,
           16.434038852333284,
           18.88422352123592,
           16.644880444148583,
           18.922618899084767,
           19.25511394409288,
           20.334790434130372,
           20.977808536641763,
           21.122123117717123,
           23.379387909010788,
           26.391339753790447,
           24.985167219772617,
           25.03895616833897,
           26.201497094631826,
           23.441206730883117,
           20.061007601813024,
           19.568301842520725,
           21.57571326746812,
           18.465036609766038,
           17.437861394104498,
           21.166983866389657,
           21.050449163853965,
           18.383665847702954,
           21.123599432861816,
           23.68359609518791,
           21.96094399155009,
           24.60134193494331,
           22.90869797696936,
           20.47942611500625,
           22.48039932919342,
           20.377344723982073,
           17.293594883655626,
           16.951654933958512,
           14.891711855928452,
           15.146849243324501,
           14.047810149628305,
           11.136855435893922,
           9.436038628577142,
           11.18569523990351,
           12.845583637966786,
           14.240844532540898,
           17.502865508253215,
           20.143053591747208,
           23.52788003624636,
           24.36558952703587,
           26.169823423171966,
           23.36081738724054,
           20.751118668640494,
           16.967463393212316,
           18.400544937582694,
           19.80409023409053,
           16.99912027135522,
           13.685441680851955,
           15.488981825801204,
           16.567222006117987,
           13.519900480402953,
           11.283436976382685,
           14.057125666365796,
           13.642172077788786,
           10.346779305658355,
           12.181371515556037,
           15.94929468659978,
           16.705200896726744,
           20.4612528697536,
           23.033372527704227,
           20.531823616035666,
           22.24090056629902,
           20.3310452264511,
           21.509542440507655
          ],
          [
           11.33156127812933,
           8.891304122568298,
           5.718436936786136,
           3.8511585269889896,
           0,
           3.8610234394522918,
           6.482691879150204,
           9.619201941949239,
           13.25341412617896,
           15.902528006578073,
           18.109826752346365,
           15.310915942555495,
           16.55983170204335,
           13.39338116384358,
           9.59141397292391,
           7.479026474080701,
           5.9129641466865,
           5.130622087037789,
           8.150237358506807,
           8.85346773868861,
           12.409211618793515,
           12.671898397635612,
           16.29245724254018,
           16.4331204888177,
           18.99802626590457,
           17.1763091204135,
           18.964625543363624,
           18.543362451292378,
           19.69735164939693,
           19.98569470896621,
           20.437316384496278,
           22.394913998495284,
           25.726312172559826,
           24.86774961672246,
           25.03520533169241,
           26.700366102358974,
           24.127506398299847,
           20.823078062572787,
           20.899721553169076,
           22.781098854093933,
           19.69221234396989,
           18.040505148138177,
           21.51902804496523,
           21.49235478024686,
           18.341472405453167,
           20.643732487125483,
           23.440134171970943,
           21.505619195921795,
           23.65535907569361,
           21.44322058367166,
           19.11751599973177,
           20.84502405851334,
           18.844210516760846,
           16.132523981076243,
           15.663388937263864,
           14.256629545583348,
           14.295671582685438,
           13.562515548378185,
           11.40950625575007,
           8.870885130583082,
           10.526150388437362,
           11.027780420374718,
           12.646925357572092,
           15.39739955317131,
           18.075916297659713,
           21.201928709435848,
           21.662380870993843,
           23.75199612664165,
           21.318124894089536,
           18.77106667187563,
           15.191455427311764,
           17.098744222895437,
           18.859890667763693,
           16.15215521223097,
           13.138026107448562,
           15.71283201717628,
           17.044612902615302,
           13.979560901544799,
           12.406929434795703,
           15.77058350220435,
           15.350462826898738,
           12.669808285842372,
           15.00045445978221,
           18.57683506413297,
           19.49843370632626,
           23.096918084454472,
           25.77552385500632,
           23.528969611948586,
           25.305108298523443,
           23.567140895747198,
           24.464052607857106
          ],
          [
           13.070793204698786,
           10.579910254817854,
           7.009755844535528,
           7.105297741826165,
           3.8610234394522918,
           0,
           3.861546581358303,
           6.028776326917429,
           9.802807863056382,
           12.525465939437144,
           14.415684687173204,
           11.48065072197565,
           12.769822003457996,
           9.796426746523448,
           5.97784877694309,
           5.022794739982911,
           5.083281715584922,
           6.654944703000919,
           9.927319527445462,
           11.666484346194444,
           14.772571780160689,
           14.885239702470363,
           18.189116553587752,
           17.760085500920315,
           19.89207435135914,
           18.023643943442735,
           19.058151799164577,
           17.95277908848655,
           18.605712939847265,
           18.20418289844397,
           18.480693087652313,
           19.922626608958968,
           23.38807751825703,
           22.91298123335329,
           23.442141071156446,
           25.577922315934888,
           23.42289634097372,
           20.096718388831544,
           20.455376041520235,
           21.92346092659642,
           18.817126693520454,
           16.77715416869023,
           19.880699534976127,
           19.729229635239182,
           16.23849863749725,
           18.20793730766887,
           21.019612460747226,
           18.868592978810053,
           20.607783699369516,
           18.091813922324096,
           15.956624517735573,
           17.65041149661956,
           16.001704846671807,
           13.820035600533018,
           13.830712526836786,
           13.364834080526403,
           13.954712107385088,
           14.2201263707465,
           12.423209931414666,
           9.014690288634435,
           9.46731334645685,
           8.805579310868763,
           9.850053857720779,
           12.088496391197708,
           14.53892183072734,
           17.493359968856755,
           17.815443104228418,
           19.950296689523192,
           17.65773895491719,
           15.234176774607809,
           11.832127872872233,
           14.184112591205695,
           15.977305342265948,
           13.343648901256358,
           10.804257216486471,
           14.010236614704263,
           15.361250242086417,
           12.442799564406718,
           11.696232299334689,
           15.390473871846831,
           15.019960685700877,
           13.210154503259982,
           15.91252022779547,
           19.090241198057186,
           20.260870193552893,
           23.55731922354494,
           26.41938996267703,
           24.643988415027305,
           26.706379125594694,
           25.432629592710228,
           26.295477481878898
          ],
          [
           16.41221219092661,
           14.256786208679712,
           10.806047242169544,
           10.26742314312603,
           6.482691879150204,
           3.861546581358303,
           0,
           3.836504398537815,
           6.985632684302833,
           9.689370825807009,
           12.140467248009857,
           10.027461543182303,
           11.628643687034184,
           8.991447325097333,
           5.852295105341152,
           5.956630003617817,
           7.964901694308599,
           9.125427168083695,
           12.837613290639347,
           14.090704631067958,
           16.96105595179734,
           16.228676193701077,
           19.44068334704313,
           18.289095795035905,
           20.568070254644695,
           19.329096745580223,
           20.055364170216407,
           18.37172634784222,
           19.31167905698518,
           18.78040044833975,
           19.584030254265844,
           20.78742593492518,
           24.473298020495726,
           24.578955490419034,
           25.016283816746242,
           27.461050307663033,
           25.393835689001378,
           22.345633801707212,
           23.221637560688954,
           24.730299492727536,
           21.840870152079564,
           19.38669084707341,
           22.17544321992235,
           22.26257536764334,
           18.578167455376217,
           19.947749973367923,
           22.94159458276604,
           20.788051447887074,
           21.94754808628973,
           18.942063588743437,
           16.968615500387767,
           18.073908874396817,
           16.48906558905022,
           14.821310805728352,
           14.386790990349446,
           14.490864018408288,
           14.480083563294793,
           14.798309025020393,
           13.967559665166997,
           10.64758136855502,
           11.317440258291624,
           9.507726805078068,
           10.989357897529773,
           12.229422349399828,
           14.674775160117447,
           17.088665980701943,
           16.83710429379114,
           19.426081591509906,
           17.821593952281596,
           15.676835331150224,
           12.889729942865367,
           15.618205594753835,
           17.69163197672843,
           15.355914560845928,
           13.410017449653076,
           16.91371212951196,
           18.347913914121136,
           15.578300838024665,
           15.267941380552914,
           19.011088606389695,
           18.555550247836898,
           16.94392174202891,
           19.757337118144235,
           22.878185089731222,
           24.088132243907996,
           27.32903607886674,
           30.177044520628588,
           28.43104241845522,
           30.409893192841043,
           29.064875606133253,
           29.72507564330157
          ],
          [
           18.251323760209832,
           16.091738656838796,
           12.661315768908064,
           13.117420173189545,
           9.619201941949239,
           6.028776326917429,
           3.836504398537815,
           0,
           3.8185748650510964,
           6.781635864597861,
           8.550691024706717,
           6.224145644182822,
           7.942314146393355,
           5.936800569330253,
           3.8512195471045283,
           6.356511228653655,
           9.252826649192128,
           11.56563085179533,
           14.979292406519074,
           16.913255895894203,
           19.494641853596594,
           18.918405878931768,
           21.80470813838149,
           20.408095967042097,
           22.171529807390375,
           20.80210001418126,
           20.86187465210162,
           18.681330065067637,
           18.987005714435334,
           17.71598698915756,
           18.22053745090962,
           18.76017555888004,
           22.452506719740672,
           22.944987012417336,
           23.77905233603728,
           26.61133303688487,
           25.029278874949636,
           22.03906354634879,
           23.080533464372092,
           24.123981325643577,
           21.320397580720677,
           18.661750989657968,
           20.932886231955685,
           20.86604797272354,
           17.038846146379747,
           17.961165580217784,
           20.823613807406247,
           18.52018663512871,
           19.143186908140454,
           15.860067685858091,
           14.242390319044063,
           15.233608961766086,
           14.220250560380435,
           13.374521150306654,
           13.591448230413123,
           14.68349324922377,
           15.312758536592941,
           16.52514356972429,
           15.835691112168108,
           12.181234461252275,
           11.68681539171386,
           8.94901664988953,
           9.402529925504092,
           9.577512464100478,
           11.478932702999876,
           13.507664601995417,
           13.025414427188103,
           15.682972486107344,
           14.33755938087093,
           12.499256537890563,
           10.256873695234821,
           13.400957950833217,
           15.340172293686924,
           13.278120273592947,
           12.167775721141478,
           15.95614220292612,
           17.267695879879284,
           14.877363913005556,
           15.338568186111766,
           19.056629450141493,
           18.67039247043297,
           17.838647874768984,
           20.778758673222036,
           23.468064023263615,
           24.84990923524672,
           27.752848520467232,
           30.707732413840002,
           29.40187363077394,
           31.614916321255702,
           30.69209292309666,
           31.373176696024903
          ],
          [
           21.701924914624506,
           19.758887038494855,
           16.42562196691498,
           16.843825396862794,
           13.25341412617896,
           9.802807863056382,
           6.985632684302833,
           3.8185748650510964,
           0,
           3.9251816518474647,
           5.511833179623636,
           4.878548657131545,
           6.538985395304076,
           6.0249986721990245,
           6.335508977185654,
           9.211852202461783,
           12.62554913657224,
           14.893332770068625,
           18.333594819347347,
           20.212942611109348,
           22.519666671600625,
           21.552192904667496,
           24.174458856404623,
           22.2758211745381,
           23.841186254043652,
           22.859066844471144,
           22.437484529242578,
           19.736105517553355,
           19.948957366238467,
           18.31971978497488,
           19.084319453415155,
           19.12699456265934,
           22.842154451802482,
           23.947905649555246,
           24.827879168386495,
           27.96944754549149,
           26.680248330928254,
           23.998837680187762,
           25.43969376781096,
           26.33945703692466,
           23.805927266124293,
           20.87060358494694,
           22.65189312176799,
           22.742880688250555,
           18.90383437295196,
           19.138894560553908,
           21.982893121698066,
           19.77497517065445,
           19.691947669034672,
           16.065540544905424,
           14.820364907788203,
           15.104721976918343,
           14.473946110166365,
           14.484359357596732,
           14.608648226307595,
           16.41361812642173,
           16.868951953218673,
           18.418770262968156,
           18.37111523560832,
           14.855018848860475,
           14.163976207266094,
           10.788893594803872,
           11.099958333255131,
           9.943194808510995,
           11.312953902496023,
           12.372124352753653,
           11.205366616046081,
           14.311819800430692,
           13.920488892276737,
           12.784450946364494,
           11.632912361055594,
           14.932645646368227,
           16.775051654167864,
           15.130725032198557,
           14.815520780586823,
           18.646208676296638,
           19.830465677840245,
           17.70352227665444,
           18.631271400524444,
           22.25570160655467,
           21.784178318219855,
           21.28826315132355,
           24.329810480149657,
           26.830108926353617,
           28.326175650800447,
           31.068795615536825,
           34.061814279336325,
           32.93909714913267,
           35.205199900014776,
           34.39150671314067,
           35.00593329708551
          ],
          [
           24.99931299056036,
           22.713566034420925,
           19.158959940456057,
           19.52529203366751,
           15.902528006578073,
           12.525465939437144,
           9.689370825807009,
           6.781635864597861,
           3.9251816518474647,
           0,
           3.879181099149664,
           5.246792734614165,
           8.116736844323585,
           9.154572737162558,
           9.719351264359158,
           12.862659989286819,
           15.993264832422428,
           18.284070389276014,
           21.754742471470443,
           23.556784203282074,
           26.103807308513446,
           25.17020285973079,
           27.9286345888946,
           26.042992569979358,
           27.71334676649502,
           26.768698100580085,
           26.353596851283886,
           23.596123283285326,
           23.697735144945813,
           21.83737928415404,
           22.38495150765353,
           21.977677629813392,
           25.55693007776951,
           26.81457353753738,
           28.02039733836763,
           31.291064715026877,
           30.226580289539864,
           27.493307567479036,
           28.772554283552928,
           29.367054295587767,
           26.699451342677435,
           23.956990566429667,
           25.54071026811901,
           25.245453392640822,
           21.426366117473115,
           21.65062257765351,
           24.09851615763925,
           21.534046902521595,
           20.962116877834642,
           17.253034225897775,
           16.834177704895477,
           17.273903120024723,
           17.351427462891923,
           17.85903449237948,
           18.31950894538388,
           20.278260354379515,
           20.79066143728958,
           22.269657226818737,
           22.17857831331846,
           18.630562041978227,
           17.892933493421364,
           14.570662510675346,
           14.396013059177182,
           12.804383780565153,
           13.189563336213975,
           13.298149871316685,
           11.02168435403591,
           13.69880217391287,
           13.984091675900869,
           12.709468163538551,
           12.368619203451935,
           15.096439480884225,
           17.41493212734405,
           16.600752121515455,
           16.42043589555405,
           19.967129212783693,
           21.615864960718085,
           20.036775538993293,
           20.813928053109052,
           24.471790473931406,
           24.484986542777595,
           24.126560198254538,
           26.87684566685607,
           29.308357067566924,
           30.47618650684498,
           33.06861729797604,
           35.83448287613482,
           34.78439204585873,
           36.85163121220009,
           36.104063884831575,
           36.35790055820055
          ],
          [
           25.94237572004538,
           23.84193440138614,
           20.519611984635578,
           21.50626887677172,
           18.109826752346365,
           14.415684687173204,
           12.140467248009857,
           8.550691024706717,
           5.511833179623636,
           3.879181099149664,
           0,
           3.86636133851972,
           5.703625776644187,
           8.253695535940249,
           10.191466086878767,
           13.757943814393197,
           17.004466060420718,
           19.80508434720741,
           22.96794126603427,
           25.23823246584435,
           27.48861753526357,
           26.747445522890594,
           29.201420890086837,
           27.2481529649259,
           28.42974644628404,
           27.32142064388307,
           26.405681680274796,
           23.418108506025845,
           22.94914126933729,
           20.561404961723795,
           20.796221772235455,
           19.79068583955594,
           23.175831398247617,
           24.762855530007034,
           26.242501424216403,
           29.729215815423046,
           29.113716389358473,
           26.55520899936583,
           27.967593425248445,
           28.196663455096953,
           25.778938961873504,
           22.941525733917526,
           23.973975994815714,
           23.660773000897496,
           19.963655852573698,
           19.654789085614734,
           21.886789371673498,
           19.444164420205876,
           18.323948973952092,
           14.529673155305318,
           14.518253372909566,
           14.628302054578993,
           15.333901036592088,
           16.624239441249635,
           17.59047611635342,
           20.150477934778618,
           21.161238645221125,
           23.24449967196541,
           23.164736173762048,
           19.544331812574203,
           18.098237566127814,
           14.551838715433869,
           13.639117933356248,
           11.163023515159322,
           10.681764695030498,
           9.975297990536422,
           7.345046766358945,
           10.236936895380374,
           11.10372180847485,
           10.748962042913725,
           11.365147909288291,
           14.29245685667793,
           15.981275950311352,
           15.396825159752902,
           16.133528721268636,
           19.66035368450934,
           20.873237698066873,
           19.602148504692032,
           21.03692608248648,
           24.432052492576222,
           24.318523351552415,
           24.558955779918655,
           27.419029833311026,
           29.43387511015157,
           30.854687974439155,
           33.13436318989698,
           36.033461129899806,
           35.38216508355587,
           37.71940175824638,
           37.33739558405219,
           37.78776988656515
          ],
          [
           22.5149005327583,
           20.312452387636508,
           17.05620807799905,
           18.42602065015667,
           15.310915942555495,
           11.48065072197565,
           10.027461543182303,
           6.224145644182822,
           4.878548657131545,
           5.246792734614165,
           3.86636133851972,
           0,
           3.847621732967003,
           5.674929074446658,
           7.102845697324418,
           10.89928722440142,
           13.77664944752533,
           16.887402879069356,
           19.809572887874182,
           22.348228117683067,
           24.670859206764565,
           24.355686276514565,
           26.889234797591396,
           25.33271935659494,
           26.478717888145567,
           24.947300775835448,
           24.225289286198418,
           21.567045231092738,
           20.921392616171612,
           18.582902087671883,
           18.41773324814973,
           17.643319812325572,
           21.053791131290346,
           22.15339874601638,
           23.743041527992997,
           27.071448077263984,
           26.353627719917423,
           23.531041519660793,
           24.63127308930661,
           24.813157678941227,
           22.20170993414696,
           19.539094784559495,
           20.807256690875903,
           20.297511990389363,
           16.538173206252257,
           16.685312822959,
           18.934056432787983,
           16.32277347756808,
           15.737307075862756,
           12.056956912919611,
           11.721146232344344,
           12.571288676981371,
           13.125040380890262,
           13.976425616014991,
           15.348203477931872,
           17.64949894472928,
           19.07818211989811,
           21.184705685942394,
           20.580672243636744,
           16.814449143519393,
           15.099426512288472,
           11.850622008991765,
           10.486032138039631,
           8.537039885112403,
           8.254069844628164,
           8.725435805734863,
           7.172102481141775,
           9.731588719217433,
           9.191515761831669,
           8.119322816590063,
           7.8494678163554505,
           11.115857906612515,
           12.740383785428127,
           11.773254477840865,
           12.318638764084284,
           15.937689449854393,
           17.11165468328531,
           15.765467452632034,
           17.181670727842505,
           20.566382934293525,
           20.504532035625683,
           20.79583056768832,
           23.604954162209253,
           25.574720839141136,
           27.006589010832155,
           29.287728590657213,
           32.22569907697892,
           31.591219856156236,
           34.00883957149964,
           33.7018807932139,
           34.29618936558404
          ],
          [
           22.166493295061354,
           20.51696125160839,
           17.73388629150418,
           19.434995394905553,
           16.55983170204335,
           12.769822003457996,
           11.628643687034184,
           7.942314146393355,
           6.538985395304076,
           8.116736844323585,
           5.703625776644187,
           3.847621732967003,
           0,
           3.8653860091845935,
           7.131151800375588,
           10.606038327292618,
           13.703995804144133,
           16.975820009649016,
           19.567536099366215,
           22.381260397931122,
           24.170518840107672,
           23.834038621266014,
           25.912757263556497,
           24.177549482939746,
           24.80559332086213,
           23.278273754726744,
           22.034510069434262,
           19.13861272401947,
           18.08613441285893,
           15.401378801912509,
           15.235425133549768,
           14.191557102728368,
           17.61447921455528,
           19.07577198962076,
           20.577552672754845,
           24.06837688752609,
           23.591353013339443,
           21.08277975030807,
           22.586471813897802,
           22.742932198817282,
           20.582998736821608,
           17.565010446908364,
           18.39049836192592,
           18.351777461597553,
           14.701403606458806,
           14.103418911739096,
           16.615972977830697,
           14.588270253871773,
           13.823029950050747,
           10.06475538699277,
           9.175655725886843,
           9.169901744293664,
           9.713399301995157,
           11.16756222279509,
           12.692433218260396,
           15.557502305961583,
           17.272568367211633,
           19.93082502055547,
           19.577462271704164,
           15.96992852206922,
           13.731949606665472,
           10.24526842010496,
           8.57224060558265,
           5.584344992924415,
           5.2483046786557646,
           5.862411193357217,
           5.661330850603946,
           8.948078117674209,
           8.4848984083488,
           8.854071718706596,
           8.873087624947699,
           12.554006372469306,
           13.063220506444802,
           11.547345409227178,
           12.910690066762502,
           16.62414725632566,
           16.924333339898503,
           15.364400183541171,
           17.51279760632207,
           20.560836899309326,
           19.898025555315783,
           20.577283639975416,
           23.71276158527302,
           25.385579114922706,
           27.30692463460505,
           29.45216941075818,
           32.66199862225213,
           32.26326810786533,
           35.001988086393034,
           34.872739525308305,
           35.85187847240365
          ],
          [
           18.68429270804758,
           17.262784190274754,
           14.622832215408886,
           16.17548864795126,
           13.39338116384358,
           9.796426746523448,
           8.991447325097333,
           5.936800569330253,
           6.0249986721990245,
           9.154572737162558,
           8.253695535940249,
           5.674929074446658,
           3.8653860091845935,
           0,
           3.835832764863453,
           6.860309468238295,
           10.128052823716907,
           13.270445207301826,
           15.882259599943579,
           18.631131796002087,
           20.33590848720558,
           19.975989737682585,
           22.080370105593794,
           20.4498814177491,
           21.198372319590952,
           19.609064128611543,
           18.637690763611246,
           15.956012158431067,
           15.264881034583924,
           13.106397903314242,
           13.300931020045175,
           13.232483591525817,
           16.93010753066855,
           17.924914727830643,
           18.923656121373586,
           22.140440126609946,
           21.13278888362821,
           18.489618573675337,
           20.046797400083634,
           20.738488324851453,
           18.51228197710914,
           15.341913081490196,
           16.79527513915744,
           17.150796395503036,
           13.387635377466776,
           13.257610795313008,
           16.329610436259646,
           14.599049215616748,
           14.81501947349378,
           11.432311139922671,
           9.326288490069349,
           9.515136730494207,
           8.586310558091874,
           8.71280833026872,
           9.68545868815721,
           12.091611348368753,
           13.678766208982445,
           16.1840092375159,
           15.731868229806656,
           12.116850415846521,
           10.06855148469729,
           6.508710625000929,
           5.586324551975117,
           3.951347365140149,
           6.204724087338614,
           8.595956607615001,
           9.395845145594938,
           12.416262360307954,
           11.10682069721124,
           10.780516267786066,
           9.360629946750379,
           13.21241087008726,
           13.714861537762603,
           11.252686656972191,
           11.811712534598866,
           15.748189514988699,
           15.858068293458697,
           13.530770561945095,
           15.448557505476035,
           18.60074286150959,
           17.529088110908678,
           17.746151949084624,
           21.10971778589188,
           23.077402756809526,
           25.159607508862294,
           27.618694719338205,
           30.948253278658555,
           30.258832892231652,
           33.01710873168636,
           32.63796545436005,
           33.82250991573511
          ],
          [
           15.813101751395898,
           14.042579143447973,
           11.10536793627298,
           12.422242148662214,
           9.59141397292391,
           5.97784877694309,
           5.852295105341152,
           3.8512195471045283,
           6.335508977185654,
           9.719351264359158,
           10.191466086878767,
           7.102845697324418,
           7.131151800375588,
           3.835832764863453,
